x1 = 0.1288576410910641
x2 = 0.0476253860776081
x3 = 0.0516246391600083
x4 = 0.0436723685245616
